48
54
53
19
57
27
59
61
56
63
61
38
35
63
62
62
63
57
11
7
60
59
54
63
27
54
37
63
59
57
56
48
58
59
63
63
62
53
63
55
50
61
63
62
59
46
27
58
46
59
49
62
55
54
63
63
46
62
59
44
29
35
62
62
56
60
62
57
34
53
63
43
49
62
61
63
48
55
63
62
56
60
53
61
44
62
44
63
28
59
53
63
62
62
61
52
52
61
62
49
61
57
38
55
48
63
48
47
47
62
27
56
63
33
61
57
61
58
38
29
56
61
24
38
63
61
61
58
63
57
37
58
30
43
49
47
58
63
49
62
40
56
59
36
62
60
55
46
27
55
56
44
45
60
15
51
43
6
19
62
58
63
32
61
55
63
63
6
56
39
62
63
61
62
33
59
63
59
63
60
61
63
55
63
63
61
59
63
50
63
46
5
17
62
60
49
40
53
61
19
59
52
56
35
60
44
51
42
48
38
54
63
36
23
52
26
43
61
27
39
46
12
63
42
53
59
20
44
6
63
63
37
55
45
20
40
42
43
63
54
49
44
62
61
54
54
61
63
63
63
61
62
61
62
63
61
61
63
61
63
63
62
63
63
22
63
63
40
63
63
63
61
61
63
63
63
63
44
63
63
44
62
63
62
63
62
62
63
63
62
63
63
63
63
63
63
63
63
60
60
63
62
62
61
63
62
62
54
61
63
60
62
63
63
63
63
63
63
63
63
63
63
63
63
62
59
24
58
61
63
63
63
63
54
63
62
63
63
62
63
61
63
61
63
63
63
63
61
63
63
63
63
63
63
62
62
63
63
61
63
63
62
63
63
63
63
63
51
62
63
63
63
63
63
63
62
62
42
61
54
37
57
59
63
51
57
61
60
62
60
61
62
61
58
63
62
63
62
62
60
63
63
59
63
63
61
63
63
63
62
55
62
62
62
63
61
60
63
56
60
63
62
63
45
53
63
63
51
63
62
51
63
62
61
62
61
63
62
60
63
56
63
63
63
62
63
63
63
63
61
63
63
63
63
63
60
54
61
63
62
63
63
63
63
62
63
41
63
58
62
60
62
61
61
63
63
63
63
63
63
59
59
63
62
62
63
63
40
61
63
63
60
61
63
61
62
63
61
60
63
63
62
62
63
57
63
63
62
61
58
63
62
62
62
63
63
62
63
63
63
64
63
63
63
56
63
63
63
63
60
63
62
62
60
60
62
59
63
61
62
63
62
59
61
63
62
61
63
62
62
63
61
61
60
62
62
63
63
63
63
63
59
63
63
63
63
61
63
63
62
63
63
63
63
63
63
63
63
62
63
62
63
60
63
63
62
62
63
63
62
63
62
62
61
63
62
63
59
62
63
63
63
63
62
63
63
63
62
63
60
55
62
63
60
63
62
62
63
63
63
63
62
63
63
63
62
63
63
63
63
59
63
62
61
63
63
60
62
28
11
63
61
63
63
63
64
63
63
63
63
63
63
63
61
63
63
63
63
64
63
58
63
63
61
62
63
63
62
1
63
63
63
63
